76561198132934832
76561197970208781
76561197980284444
76561197980680156
76561198043741608
76561198070966937
76561198073820384
76561198087832509
76561198089915342
76561198093211007
76561198095113813
76561198096111698
76561198104070294
76561198142661218
76561198165226826
76561198165258518
76561198197386941
76561198202192019
76561198207004255
76561198210891903
76561198224727328
76561198240001318
76561198330675386
76561199047389968
76561197960323291
76561197961532062
76561197961794034
76561197978717009
76561197979038547
76561197981095999
76561197995539149
76561197999426186
76561198007634885
76561198011880376
76561198039122316
76561198040081699
76561198044519341
76561198047433436
76561198049350866
76561198056962755
76561198057747451
76561198062811182
76561198065580978
76561198065674465
76561198068397859
76561198068401848
76561198074018629
76561198077012600
76561198078425966
76561198089867732
76561198095211252
76561198098566752
76561198103599169
76561198106989160
76561198107757410
76561198126478021
76561198127799702
76561198128701309
76561198130451263
76561198148846696
76561198152742076
76561198155307588
76561198155750092
76561198159525268
76561198163554209
76561198171442870
76561198175416185
76561198178211337
76561198185459854
76561198200840998
76561198216028332
76561198228074376
76561198241015610
76561198248554298
76561198248787406
76561198249872420
76561198253446861
76561198253917839
76561198255002667
76561198262445358
76561198262663777
76561198277043716
76561198281689887
76561198291634977
76561198292196642
76561198296397077
76561198311679366
76561198322076210
76561198324362475
76561198324873013
76561198340672808
76561198342150429
76561198360456892
76561198360711566
76561198382079771
76561198411209308
76561198448273961
76561198808412551
76561198839709533
76561198846252016
76561198849040847
76561198849451395
76561198857965579
76561198884997261
76561197999789204
76561198001334792
76561198017861143
76561198018579768
76561198019172350
76561198020020947
76561198028900738
76561198034641728
76561198035333885
76561198037686247
76561198038360927
76561198041642536
76561198041819978
76561198049281090
76561198049798911
76561198052300870
76561198056558483
76561198061508907
76561198063107245
76561198063213018
76561198065338024
76561198072740778
76561198074587525
76561198076580912
76561198077475806
76561198081317202
76561198082733155
76561198087139157
76561198094415900
76561198094658205
76561198096388700
76561198096755957
76561198099247153
76561198113391272
76561198115765163
76561198119095750
76561198121563245
76561198145694558
76561198155491929
76561198157377863
76561198170714046
76561198183833049
76561198212708781
76561198213931109
76561198233832148
76561198242522948
76561198246514904
76561198257566502
76561198259960606
76561198285063435
76561198342090909
76561198351124399
76561198352919787
76561197966411066
76561197973556978
76561197974367552
76561197982638712
76561197983470991
76561197984231842
76561197985043373
76561197987124060
76561197988738141
76561197988933425
76561197989346353
76561197990718650
76561197992142442
76561197995056619
76561197995996034
76561197996277630
76561197997229274
76561197997906410
76561197998727468
76561197998969212
76561198000664452
76561198000957372
76561198001451491
76561198004046491
76561198004611024
76561198005025110
76561198007630858
76561198011533545
76561198012382295
76561198013048164
76561198013565777
76561198013572507
76561198015042335
76561198015912609
76561198016086466
76561198016182717
76561198018289507
76561198019583701
76561198021395872
76561198021967323
76561198022840918
76561198023603468
76561198028733581
76561198031330305
76561198032770446
76561198033417854
76561198033442077
76561198035216140
76561198037025491
76561198038555397
76561198038587922
76561198039552361
76561198041403384
76561198041991930
76561198050800742
76561198051772186
76561198056354291
76561198056473244
76561198060878097
76561198062596141
76561198064388010
76561198066940349
76561198076544998
76561198077726721
76561198078594783
76561198080254133
76561198082936216
76561198088802754
76561198088938757
76561198091229259
76561198101510799
76561198103018809
76561198109957452
76561198110424968
76561198110613022
76561198114875591
76561198118882404
76561198128528343
76561198129352780
76561198135594958
76561198140370332
76561198150379831
76561198152381232
76561198155100895
76561198155987626
76561198156072386
76561198158065637
76561198168668532
76561198174123637
76561198177265414
76561198181366626
76561198188877566
76561198214285148
76561198218747381
76561198231294188
76561198263811397
76561198268164377
76561198306296361
76561198333000585
76561198333258889
76561198348503054
76561198366037921
76561198381137135
76561198390052667
76561198424513351
76561198431844805
76561198432600442
76561198830655504
76561198855293361
76561198910139824
76561198964358939
76561198970882515
76561199026718892
76561197994661251
76561197997887844
76561198005349833
76561198007673379
76561198016567586
76561198023014948
76561198025258833
76561198026728494
76561198033180338
76561198033539549
76561198042471498
76561198045924149
76561198046721810
76561198050771797
76561198055269887
76561198056395286
76561198056792326
76561198061514550
76561198067250187
76561198068093226
76561198069068796
76561198071720646
76561198074487752
76561198074546725
76561198074691358
76561198075531961
76561198075668773
76561198081481282
76561198081690385
76561198082217427
76561198084437246
76561198105043260
76561198105065779
76561198106123645
76561198111473171
76561198120210224
76561198134919562
76561198137413082
76561198159844648
76561198161811910
76561198161889341
76561198243064974
76561198258755077
76561198263285635
76561198284232895
76561198296254934
76561198309615774
76561198316559483
76561198317060647
76561198347849126
76561198348904266
76561198365563208
76561198379586932
76561198394731710
76561198869905050
76561198871306682
76561199042083625
76561199058084986
76561199118459325
76561197962995261
76561197966730715
76561197969829767
76561197972138591
76561197974058631
76561197977222976
76561197982536680
76561197983466394
76561197983748947
76561197985198861
76561197987465610
76561197987974136
76561197988840684
76561197988861819
76561197989010456
76561197989189873
76561197989441227
76561197989470922
76561197989475443
76561197990286896
76561197990605603
76561197991203026
76561197991766415
76561197992066596
76561197992509828
76561197992747176
76561197994652065
76561197995066114
76561197995406176
76561197995457802
76561197995709555
76561197996557527
76561197997218478
76561197997679493
76561197997823754
76561197999140726
76561197999516926
76561198000899456
76561198001415372
76561198001575432
76561198001678307
76561198002000612
76561198002224195
76561198002521334
76561198003630723
76561198003764994
76561198005356134
76561198005547129
76561198005712199
76561198005889959
76561198005907190
76561198005932279
76561198006093140
76561198006159449
76561198007184969
76561198007260559
76561198007303829
76561198007565119
76561198008581212
76561198009433061
76561198009472799
76561198009859475
76561198009996882
76561198010476265
76561198011988336
76561198012082421
76561198012222082
76561198012230961
76561198012628939
76561198012980335
76561198013827613
76561198014151149
76561198014165840
76561198014203253
76561198014412329
76561198014740959
76561198015360975
76561198015636037
76561198015651587
76561198015807700
76561198015888228
76561198016231956
76561198016317109
76561198017631574
76561198017886742
76561198017986620
76561198018119190
76561198018227590
76561198018439993
76561198018796775
76561198019246015
76561198019351384
76561198019409721
76561198019518226
76561198019705724
76561198019750482
76561198019998576
76561198020250149
76561198021076752
76561198021260993
76561198021604745
76561198021938627
76561198021947171
76561198022435173
76561198023210623
76561198023471620
76561198023647944
76561198024074735
76561198024656745
76561198025486009
76561198026249294
76561198026823921
76561198026862084
76561198027045280
76561198027234698
76561198028196568
76561198028557341
76561198029213589
76561198030861676
76561198031374458
76561198031384262
76561198031819561
76561198032445431
76561198032530457
76561198032715594
76561198032727989
76561198033149095
76561198033445616
76561198034498852
76561198034740467
76561198034978460
76561198035300568
76561198036019321
76561198037055970
76561198037503273
76561198037620282
76561198037874263
76561198037914147
76561198037962076
76561198038674477
76561198038808068
76561198038844258
76561198038883339
76561198039285874
76561198040530602
76561198041379790
76561198046592361
76561198047851038
76561198049360166
76561198049988639
76561198050133614
76561198054113456
76561198054115434
76561198057272169
76561198057465682
76561198057775760
76561198057791836
76561198058712215
76561198059098830
76561198059141088
76561198059199235
76561198060267704
76561198060501694
76561198067587018
76561198069397450
76561198070694569
76561198071740182
76561198071799035
76561198072527431
76561198074032215
76561198077930373
76561198078187237
76561198079288016
76561198079720588
76561198080676233
76561198080830445
76561198081968522
76561198083433826
76561198083470879
76561198083565398
76561198089286071
76561198093752517
76561198094858903
76561198107464660
76561198107959505
76561198108673539
76561198110740627
76561198115727489
76561198118044319
76561198120299263
76561198123795633
76561198124059161
76561198132371016
76561198132828452
76561198138718706
76561198139042190
76561198142508122
76561198147851041
76561198149306240
76561198150413762
76561198151679572
76561198152024395
76561198152209953
76561198154560642
76561198155723602
76561198157824631
76561198158192810
76561198158270180
76561198158600972
76561198158829254
76561198167413533
76561198171005507
76561198175401389
76561198180772834
76561198199851687
76561198202244764
76561198202734422
76561198208070465
76561198218505039
76561198233462772
76561198236159392
76561198242104204
76561198258410054
76561198262685955
76561198262964992
76561198263062094
76561198263214366
76561198287016937
76561198289314992
76561198299991148
76561198301011843
76561198317236835
76561198321576825
76561198328966746
76561198334409476
76561198340972367
76561198342664118
76561198343922931
76561198345729245
76561198349941794
76561198351054947
76561198365176983
76561198368174915
76561198376975504
76561198395044394
76561198415111936
76561198415565593
76561198442306490
76561198446651636
76561198449760928
76561198796172852
76561198801383178
76561198803909716
76561198804385508
76561198817351437
76561198840402888
76561198845932063
76561198848671408
76561198848707941
76561198859622192
76561198862901334
76561198863813159
76561198864496686
76561198866866198
76561198868496435
76561198875187375
76561198877967263
76561198883960538
76561198884808564
76561198896562017
76561198930477126
76561198935066701
76561198950771187
76561198960474232
76561198966788442
76561198970630407
76561198970980928
76561198970998570
76561198971298541
76561198984924371
76561198989236860
76561198998351388
76561199002120260
76561199029098327
76561199029536545
76561199032311372
76561199032895207
76561199033212463
76561199037946615
76561199043898922
76561199044407629
76561199053297702
76561199056766363
76561199064542240
76561199071415412
76561199090756264
76561199098567240
76561199157177525
76561197992651724
76561197998045685
76561198016816575
76561198018087427
76561198033143909
76561198035718697
76561198037045108
76561198047909576
76561198049674747
76561198050606231
76561198051521822
76561198057348406
76561198061948559
76561198072777331
76561198073660337
76561198073671443
76561198075954358
76561198095020006
76561198095291098
76561198102225037
76561198102755401
76561198105082043
76561198121195797
76561198122620349
76561198123225656
76561198124671157
76561198124824197
76561198124872455
76561198128805284
76561198130748517
76561198131337926
76561198131948954
76561198136103266
76561198138581349
76561198141629262
76561198146259101
76561198148338867
76561198152818848
76561198156030492
76561198156221477
76561198158883742
76561198159557550
76561198159661750
76561198161582407
76561198162804512
76561198165367596
76561198168669217
76561198173530421
76561198178366021
76561198184317139
76561198184637113
76561198186069447
76561198187255801
76561198188448128
76561198193427855
76561198201212383
76561198203649673
76561198203656680
76561198205115487
76561198205555851
76561198207063943
76561198247010904
76561198248330030
76561198248769194
76561198251119698
76561198254554498
76561198254936659
76561198256153567
76561198257516278
76561198258062515
76561198259708495
76561198260064162
76561198260671200
76561198262457404
76561198265045975
76561198265978892
76561198267908998
76561198271979581
76561198273069558
76561198273848163
76561198282691288
76561198288438232
76561198292004167
76561198293136191
76561198293369210
76561198304314651
76561198305987974
76561198306927793
76561198315854134
76561198318145681
76561198321155259
76561198324382304
76561198333717369
76561198347075283
76561198347664543
76561198353961136
76561198367293939
76561198409044853
76561198419483822
76561198442016702
76561198445611495
76561198804710716
76561198807206221
76561198814204863
76561198815548796
76561198839301164
76561198853139643
76561198854576387
76561198855190567
76561198855923562
76561198864444477
76561198869346172
76561198872001513
76561198881597194
76561198887081983
76561198891456942
76561199038877653
76561197997079413
76561198005383755
76561198016273003
76561198018266891
76561198044066689
76561198059417651
76561198073793043
76561198074385266
76561198077236784
76561198080227275
76561198093764651
76561198104238708
76561198112769445
76561198121014645
76561198122233697
76561198123893729
76561198128091010
76561198131357129
76561198131815504
76561198133548588
76561198133708740
76561198136477540
76561198138565506
76561198152087545
76561198154739336
76561198156036283
76561198159215527
76561198159293978
76561198159961281
76561198160369264
76561198165533664
76561198165977093
76561198171609822
76561198173829922
76561198175379698
76561198177629529
76561198177681090
76561198179127746
76561198179448357
76561198188824665
76561198188887257
76561198189086455
76561198191079393
76561198213204247
76561198217024607
76561198225405956
76561198231912576
76561198233670832
76561198248188642
76561198251601882
76561198251716196
76561198253334574
76561198256377954
76561198257768831
76561198262513145
76561198263663128
76561198264146991
76561198264168626
76561198267639263
76561198271354116
76561198283069759
76561198287782353
76561198290053191
76561198290199011
76561198292515739
76561198297220680
76561198301258338
76561198311672758
76561198312209930
76561198322730559
76561198332719413
76561198333083845
76561198340398080
76561198341347226
76561198343935469
76561198349766775
76561198352879617
76561198357763167
76561198363262449
76561198377113151
76561198378759373
76561198381010437
76561198382540736
76561198391141950
76561198393068665
76561198399538057
76561198402390812
76561198408969659
76561198418283354
76561198420945637
76561198428168686
76561198433798324
76561198439031813
76561198445560661
76561198447592288
76561198447653522
76561198448649499
76561198449879929
76561198797556876
76561198812582829
76561197985848028
76561197989095330
76561197992470670
76561197994835073
76561197996734688
76561198000536672
76561198001941019
76561198005968525
76561198006756627
76561198007301285
76561198016467885
76561198024465258
76561198031221536
76561198032720536
76561198038074345
76561198073147880
76561198082817317
76561198117366725
76561198843018165
76561198891107939
76561198978626184
76561198002262438
76561198106923974
76561198165676138
76561198177647963
76561198202700534
76561198262439400
76561198274009472
76561198274399684
76561198390115370
76561198400473350
76561198418741841
76561198797866405
76561198022071936
76561198077050764
76561198117636589
76561198117739406
76561198175093238
76561198197123482
76561198813787955
76561198987461408
76561198991100615
76561197985902231
76561197993136121
76561197996293169
76561197997422157
76561198000240136
76561198001586695
76561198006620630
76561198016671651
76561198020728124
76561198024609062
76561198030582605
76561198033346494
76561198039545485
76561198043726351
76561198049054300
76561198049221812
76561198051736449
76561198052068896
76561198056777514
76561198061463874
76561198073089902
76561198080086997
76561198083409683
76561198087116893
76561198093562466
76561198097006222
76561198113793690
76561198116180238
76561198119474102
76561198126033142
76561198131799215
76561198132355942
76561198134362897
76561198144539270
76561198151703535
76561198154126843
76561198156262286
76561198165078852
76561198174883941
76561198175081959
76561198183305387
76561198187608506
76561198189273182
76561198191133197
76561198196473511
76561198198080813
76561198201497770
76561198203952505
76561198204326275
76561198205391683
76561198248803174
76561198251656368
76561198264738652
76561198265081812
76561198275718077
76561198277464184
76561198286680616
76561198306806591
76561198318230836
76561198319428016
76561198325365865
76561198326185604
76561198327403026
76561198332953513
76561198338054250
76561198345855298
76561198346225023
76561198349202582
76561198363601309
76561198370015454
76561198372163753
76561198372979991
76561198379627795
76561198383137557
76561198387192213
76561198396582859
76561198415922973
76561198424721155
76561198433528916
76561198445190500
76561198800919061
76561198807214741
76561198815084642
76561198817309771
76561198823482328
76561198829458154
76561198849799710
76561198850134431
76561198873817549
76561198930308766
76561198965175323
76561198968297955
76561198974872286
76561199012834241
76561198112612084
76561198122130191
76561198143012931
76561198188041373
76561198189706847
76561198195329819
76561198231347648
76561198263860422
76561198264027594
76561198303048712
76561198341158183
76561198359812695
76561198380532639
76561198404366450
76561198420930314
76561198440289647
76561198447956063
76561198813618539
76561198817759847
76561198823448834
76561198838289598
76561198839729410
76561198852476261
76561198857306509
76561198865623173
76561198875194572
76561198877146112
76561198884762799
76561198968751804
76561198973426466
76561198983913376
76561198986861667
76561198997129503
76561199006967709
76561199028271545
76561199029246616
76561199031908864
76561199036460849
76561199036633566
76561199043925708
76561199055807136
76561199058938205
76561199059020236
76561199063152227
76561199077884129
76561199086771313
76561199089937457
76561199092200987
76561199094019088
76561199094308243
76561199099950827
76561199100919777
76561199101269070
76561199101947678
76561199106102730
76561199107445822
76561199108112881
76561199110822398
76561199111729792
76561199114265881
76561199117454449
76561199133305439
76561199133337336
76561199136683050
76561199138601916
76561199141563235
76561199145529888
76561199149309690
76561199151518129
76561199160219753
76561199161957939
76561199195085474
76561197993605408
76561198020107065
76561198020205711
76561198035183588
76561198044076890
76561198083821031
76561198085597264
76561198085662639
76561198086057100
76561198094260604
76561198112759222
76561198121940430
76561198122633718
76561198133681370
76561198143143772
76561198149826016
76561198151494368
76561198181462131
76561198182040110
76561198187949343
76561198202160349
76561198245750186
76561198255711900
76561198262935587
76561198264894055
76561198281816421
76561198291225115
76561198313615578
76561198322036662
76561198328950091
76561198337367450
76561198338101453
76561198338565674
76561198339695486
76561198342541860
76561198342892381
76561198366893571
76561198439141696
76561198826778964
76561198831864760
76561198839900687
76561198858958321
76561198859059147
76561198866326518
76561198924791246
76561198962843652
76561198975888200
76561199043610990
76561199101553217
76561199106662679
76561199125088678
76561199128841090
76561199132922955
76561197961200110
76561197974237759
76561197976078934
76561197980449367
76561197981773949
76561197981949471
76561197983277479
76561197984201919
76561197984804272
76561197985657908
76561197986509580
76561197986754029
76561197989304104
76561197989632118
76561197989998239
76561197990228384
76561197990359828
76561197990717395
76561197991336726
76561197993423729
76561197994065708
76561197995079687
76561197996580228
76561197996667405
76561197996700780
76561197996714081
76561197997121187
76561197997467712
76561197997739117
76561197997870105
76561197997921734
76561197998376616
76561197998472513
76561198000889318
76561198001272060
76561198001555000
76561198002033234
76561198004218159
76561198004254184
76561198005113342
76561198005489450
76561198005979416
76561198006547404
76561198007212144
76561198008309320
76561198009157599
76561198009445821
76561198009893023
76561198010251629
76561198010726208
76561198010952761
76561198012286095
76561198013908874
76561198014315553
76561198014534525
76561198014994465
76561198016341092
76561198016945553
76561198018453807
76561198018738240
76561198018898619
76561198019043098
76561198019932721
76561198020600210
76561198022353929
76561198022503564
76561198022630785
76561198023034490
76561198023144360
76561198024141661
76561198028440238
76561198028459482
76561198029913275
76561198029915285
76561198030242831
76561198030674152
76561198030894669
76561198033197548
76561198034256094
76561198034911397
76561198041291614
76561198042628599
76561198043847977
76561198044311950
76561198044417187
76561198048403500
76561198048703601
76561198050017006
76561198051292300
76561198054051528
76561198054305968
76561198054921195
76561198055513999
76561198057592415
76561198060556164
76561198061860222
76561198063374762
76561198066007446
76561198066059975
76561198067360622
76561198067638421
76561198069644808
76561198071293767
76561198071670785
76561198071729367
76561198071977241
76561198075409581
76561198076379051
76561198076500783
76561198077484905
76561198077845578
76561198078401183
76561198078960550
76561198079946701
76561198080297835
76561198080821651
76561198080990429
76561198081092595
76561198081678870
76561198082402050
76561198082504947
76561198082563834
76561198082592331
76561198083158384
76561198083465321
76561198083487167
76561198084084313
76561198084208050
76561198086303632
76561198087814998
76561198089062313
76561198089603040
76561198090297245
76561198094296500
76561198096210754
76561198100052007
76561198112277155
76561198116418730
76561198117764735
76561198121066552
76561198123436861
76561198134676254
76561198134830965
76561198134929468
76561198165565134
76561198171132631
76561198171548818
76561198175664046
76561198178032881
76561198183659962
76561198191050907
76561198195047349
76561198197221863
76561198203763553
76561198211305353
76561198215859851
76561198223760080
76561198246550684
76561198250644114
76561198254836456
76561198268054113
76561198271086894
76561198283039491
76561198297415077
76561198319517379
76561198323356205
76561198358426295
76561198395632264
76561198408065578
76561198803762067
76561198849443254
76561198954913735
76561199042152821
76561199131219676
76561197967635136
76561197988928958
76561197994794155
76561198007674621
76561198015718671
76561198016844547
76561198017869730
76561198020702080
76561198022076780
76561198022315156
76561198022416229
76561198030833095
76561198031206590
76561198035450881
76561198035656345
76561198036169616
76561198038194574
76561198041215489
76561198044611672
76561198051044921
76561198051912343
76561198052120553
76561198053670221
76561198054870216
76561198061290172
76561198064632035
76561198069862613
76561198071982401
76561198074094978
76561198079663228
76561198080048560
76561198086987161
76561198088301258
76561198092087794
76561198093214640
76561198094759673
76561198097520371
76561198098044131
76561198101310221
76561198104628466
76561198107417943
76561198107696956
76561198108584097
76561198114776475
76561198116633804
76561198117447416
76561198118842469
76561198118951681
76561198119268180
76561198120615556
76561198121451381
76561198124168999
76561198124193057
76561198124674593
76561198125992080
76561198131742545
76561198132741454
76561198137842195
76561198139044799
76561198140413281
76561198141010629
76561198145680965
76561198149487357
76561198149740458
76561198150336195
76561198151131637
76561198151324217
76561198152927373
76561198154318835
76561198156088799
76561198157742519
76561198160002345
76561198160716430
76561198161892466
76561198162373531
76561198162706966
76561198164141753
76561198165143818
76561198166472725
76561198167486781
76561198168221913
76561198168595202
76561198169014422
76561198170034689
76561198172214513
76561198173926095
76561198174186746
76561198174563959
76561198175545397
76561198176082481
76561198176982637
76561198177059690
76561198177928338
76561198180022727
76561198181398507
76561198181837365
76561198183616115
76561198184103811
76561198185537442
76561198185681571
76561198189670405
76561198191320826
76561198191631982
76561198192509706
76561198199987459
76561198203701187
76561198205957981
76561198207884532
76561198212367017
76561198214213131
76561198215842763
76561198216322536
76561198218424352
76561198218628961
76561198220615201
76561198224323740
76561198224855840
76561198234848724
76561198242719296
76561198244029094
76561198244422484
76561198250771504
76561198251309952
76561198255701746
76561198257007403
76561198257715147
76561198258920094
76561198260180986
76561198262522658
76561198262664793
76561198263801991
76561198267634191
76561198271299574
76561198272783421
76561198272919437
76561198272924111
76561198274129091
76561198275608701
76561198276248764
76561198278820660
76561198278834383
76561198280005367
76561198280560474
76561198281220964
76561198282192141
76561198282576682
76561198282827619
76561198285468889
76561198285993941
76561198289716895
76561198291383736
76561198294431878
76561198295683111
76561198296196668
76561198296940739
76561198297033627
76561198299148401
76561198299469017
76561198299530758
76561198300417674
76561198303087884
76561198305596576
76561198306895260
76561198312469931
76561198313454950
76561198313656717
76561198317180876
76561198317280964
76561198317820602
76561198321758282
76561198325417323
76561198329000969
76561198330196080
76561198339554715
76561198343160157
76561198344038461
76561198344527442
76561198346952182
76561198352783233
76561198356531919
76561198358111222
76561198363506233
76561198365149536
76561198367646094
76561198368612030
76561198373689195
76561198376390942
76561198376555032
76561198377832019
76561198379743797
76561198379979620
76561198382266961
76561198384010759
76561198392631167
76561198393591324
76561198400594722
76561198401010242
76561198402471595
76561198404269461
76561198410049355
76561198420889678
76561198439587999
76561198439966440
76561198721753419
76561198798268335
76561198798469706
76561198807703299
76561198813061283
76561198816113355
76561198823695078
76561198829004013
76561198835523101
76561198847681986
76561198855528590
76561198872719666
76561198875058374
76561198881976915
76561198963881293
76561198965140750
76561199020484429
76561198113935373
76561198208280968
76561198217451904
76561198263894371
76561198265081910
76561198301256327
76561198324911675
76561198338030051
76561198342274149
76561198347547773
76561198390732282
76561198393787590
76561198411117864
76561198428898901
76561198433772491
76561198441751727
76561198449302819
76561198797877607
76561198799607425
76561198802055015
76561198805124739
76561198805289343
76561198806426132
76561197980516153
76561197980615555
76561197982318517
76561197982525397
76561197982727377
76561197984108195
76561197984891803
76561197985345288
76561197985506881
76561197989968220
76561197990241897
76561197990680248
76561197992233819
76561197992549301
76561197992821229
76561197993358335
76561197994311413
76561197995028237
76561197995457804
76561197996687956
76561197997147233
76561197998680766
76561197999575612
76561198000878080
76561198001117799
76561198002329899
76561198002406670
76561198005391018
76561198007114142
76561198007531802
76561198012162765
76561198017439536
76561198019112830
76561198021887696
76561198033767596
76561198035951675
76561198038436202
76561198054960215
76561198058093968
76561198061198741
76561198067068099
76561198069773490
76561198070488602
76561198103873442
76561198284189420
76561198296673432
76561198337641598
76561197960457700
76561197961251518
76561197978295360
76561197995089421
76561197996853784
76561198001620544
76561198024071306
76561198032475336
76561198038500190
76561198044842378
76561198051500474
76561198053456976
76561198061242191
76561198072157867
76561198074546455
76561198083594922
76561198084592747
76561198086562585
76561198091900378
76561198105066652
76561198113667574
76561198119015994
76561198122225350
76561198123070536
76561198125116410
76561198132423832
76561198136056669
76561198139402105
76561198140110049
76561198140417744
76561198140445571
76561198141549492
76561198145403933
76561198156864295
76561198159211271
76561198160649018
76561198165470875
76561198168655560
76561198168754075
76561198170379085
76561198170856878
76561198185599235
76561198187614082
76561198192939009
76561198201903320
76561198204680059
76561198227585404
76561198248073224
76561198256166427
76561198256203710
76561198262708503
76561198262726781
76561198287481771
76561198289513527
76561198297840628
76561198304697650
76561198317315273
76561197961203609
76561197962309541
76561197962789677
76561197962792058
76561197963301925
76561197964128711
76561197964294498
76561197964395134
76561197965890695
76561197970712717
76561197970778538
76561197972931002
76561197978974608
76561197981236429
76561197983979893
76561197984561661
76561197985465846
76561197986400130
76561197987503354
76561197989512532
76561197990030854
76561197993966602
76561197994259007
76561197995397262
76561197995401567
76561197997434496
76561197999319946
76561197999525603
76561198001562116
76561198002032930
76561198003992900
76561198006062711
76561198006200942
76561198006522786
76561198008714329
76561198010612130
76561198010921872
76561198011899337
76561198012208918
76561198012725690
76561198012756025
76561198012911082
76561198013933149
76561198013943395
76561198014107288
76561198014397313
76561198014641653
76561198015133345
76561198015153397
76561198015512217
76561198017258795
76561198017540555
76561198018856234
76561198019195220
76561198022863178
76561198023323630
76561198024107509
76561198025930077
76561198025989899
76561198026481003
76561198027528576
76561198027582623
76561198028018983
76561198028714207
76561198030358987
76561198030491726
76561198031305090
76561198031336900
76561198035460668
76561198036961731
76561198038781749
76561198039418509
76561198039529523
76561198039984269
76561198041200286
76561198041338934
76561198041357731
76561198041407432
76561198042552676
76561198042676864
76561198043475245
76561198043987651
76561198044345251
76561198045601390
76561198046098105
76561198047249981
76561198048726850
76561198049063975
76561198051481621
76561198053231030
76561198053716330
76561198056573224
76561198057738939
76561198057972736
76561198059298809
76561198059781272
76561198061775066
76561198062848571
76561198064190035
76561198064787264
76561198067536796
76561198067886352
76561198068266523
76561198068279548
76561198072470635
76561198077843631
76561198078482603
76561198081650922
76561198081990159
76561198084636523
76561198091178853
76561198100349414
76561198103488007
76561198111038167
76561198114128035
76561198115016686
76561198115656820
76561198116818348
76561198117764554
76561198119568400
76561198121499198
76561198123575050
76561198137091888
76561198139817117
76561198140660934
76561198141640685
76561198141786835
76561198144937675
76561198156732331
76561198157725851
76561198169405574
76561198170428723
76561198175811398
76561198178797514
76561198183880473
76561198190371117
76561198190477165
76561198194839381
76561198201283973
76561198203025210
76561198203726333
76561198206015357
76561198209425553
76561198212130939
76561198218881301
76561198232923900
76561198232955656
76561198238859292
76561198242489432
76561198250483354
76561198254180104
76561198257040852
76561198257181856
76561198257409265
76561198257500657
76561198260533180
76561198266043874
76561198271917976
76561198272832221
76561198273348105
76561198273630487
76561198287114398
76561198304816645
76561198321191695
76561198326945525
76561198340728803
76561198341973489
76561198353387440
76561198361299231
76561198365225765
76561198378762985
76561198381591508
76561198383516477
76561198391453342
76561198399143950
76561198404254966
76561198410766560
76561198418535176
76561198425736155
76561198427263287
76561198795607661
76561198798117513
76561198806986330
76561198814108302
76561198815480560
76561198821756259
76561198837391713
76561198952374652
76561198959909172
76561197991789275
76561198006441629
76561198019109114
76561198033138023
76561198043564367
76561198058597535
76561198068984474
76561198078005688
76561198080945029
76561198081515136
76561198082035548
76561198089019771
76561198093295694
76561198096627079
76561198098451011
76561198104906551
76561198125663896
76561198126707943
76561198126745803
76561198130396143
76561198137554155
76561198140960552
76561198150309620
76561198151612324
76561198155240306
76561198158051864
76561198162065908
76561198165942609
76561198166153516
76561198166856741
76561198167790446
76561198168788845
76561198171651403
76561198177631815
76561198185485919
76561198187116062
76561198196792411
76561198202417708
76561198205796033
76561198218658615
76561198218837536
76561198246913974
76561198253452424
76561198262705916
76561198272270170
76561198272295634
76561198272498007
76561198272545326
76561198278689213
76561198282708118
76561198286914829
76561198293316502
76561198317528575
76561198327533658
76561198377149881
76561198381586666
76561198404766618
76561198419034416
76561198425624628
76561198444028624
76561199023584728
76561198005429810
76561198007808620
76561198018152043
76561198019107170
76561198023227316
76561198024134110
76561198025646302
76561198036242778
76561198039887708
76561198041718561
76561198042423759
76561198056619054
76561198059237927
76561198061327515
76561198065737584
76561198072833572
76561198073380992
76561198074252279
76561198076245655
76561198077859127
76561198080549691
76561198080602343
76561198084365463
76561198087075193
76561198088427735
76561198088969988
76561198089330750
76561198090143624
76561198091457430
76561198093323709
76561198093846675
76561198094124164
76561198095111248
76561198096117230
76561198097677979
76561198098963375
76561198104140182
76561198105031729
76561198105849737
76561198106203995
76561198106790663
76561198107029141
76561198107170294
76561198107605179
76561198109971619
76561198110054686
76561198110904934
76561198113357490
76561198113363801
76561198113608995
76561198114294477
76561198114587873
76561198114790912
76561198115548891
76561198118694354
76561198119901670
76561198125724073
76561198127924601
76561198128578134
76561198148453670
76561198150493629
76561198157340969
76561198171215293
76561198171897554
76561198172561219
76561198172724958
76561198209090516
76561198236482844
76561198314981719
76561198325804893
76561198360620808
76561198874939572
76561199082742772
76561197967285780
76561197967908749
76561197992301919
76561198002385780
76561198012756592
76561198027978676
76561198029130609
76561198039497810
76561198045047735
76561198067402285
76561198067547379
76561198083515549
76561198097229875
76561198106124994
76561198127557907
76561198142156359
76561198143017498
76561198144414685
76561198146316207
76561198149844765
76561198154718545
76561198161075636
76561198166405078
76561198170501981
76561198178215266
76561198185371109
76561198190781361
76561198197342442
76561198202420237
76561198203059094
76561198209386701
76561198214873779
76561198215731813
76561198238190612
76561198238750434
76561198245751846
76561198254927010
76561198262056404
76561198262322626
76561198263006585
76561198263870890
76561198264209533
76561198264646693
76561198267705774
76561198268846799
76561198269594713
76561198271481857
76561198272236534
76561198273226332
76561198273280107
76561198274688533
76561198276857190
76561198284832035
76561198295428145
76561198298141179
76561198301325422
76561198303196738
76561198305896578
76561198311796759
76561198313990780
76561198316482714
76561198322145395
76561198326890553
76561198328296318
76561198328937375
76561198334467557
76561198339204537
76561198351040880
76561198351055518
76561198351110847
76561198353389548
76561198356710647
76561198356769701
76561198364222313
76561198365064461
76561198365630012
76561198365689561
76561198369721554
76561198373008999
76561198382759524
76561198388733360
76561198399665971
76561198407566779
76561198408497637
76561198409619738
76561198411520024
76561198418452556
76561198418818831
76561198419318046
76561198424887826
76561198437577377
76561198437725525
76561198443807979
76561198453348052
76561198743337372
76561198798193497
76561198798705217
76561198799213680
76561198799484466
76561198799583295
76561198799978337
76561198811516131
76561198812046430
76561198812597803
76561198813161158
76561198814858488
76561198823224205
76561198829286824
76561198829504130
76561198964686529
